wavenumber         DET0         DET1
     -70.0     0.003566     0.003752
     -69.9     0.003558     0.003761
     -69.8     0.003548     0.003773
     -69.7     0.003539     0.003786
     -69.6     0.003530     0.003798
     -69.5     0.003522     0.003811
     -69.4     0.003515     0.003825
     -69.3     0.003509     0.003838
     -69.2     0.003504     0.003850
     -69.1     0.003500     0.003863
     -69.0     0.003498     0.003875
     -68.9     0.003497     0.003887
     -68.8     0.003497     0.003898
     -68.7     0.003499     0.003909
     -68.6     0.003502     0.003919
     -68.5     0.003506     0.003928
     -68.4     0.003512     0.003936
     -68.3     0.003519     0.003943
     -68.2     0.003527     0.003950
     -68.1     0.003536     0.003955
     -68.0     0.003547     0.003960
     -67.9     0.003559     0.003964
     -67.8     0.003572     0.003967
     -67.7     0.003587     0.003969
     -67.6     0.003602     0.003970
     -67.5     0.003618     0.003971
     -67.4     0.003634     0.003971
     -67.3     0.003652     0.003970
     -67.2     0.003670     0.003969
     -67.1     0.003688     0.003967
     -67.0     0.003706     0.003964
     -66.9     0.003724     0.003961
     -66.8     0.003743     0.003958
     -66.7     0.003761     0.003954
     -66.6     0.003778     0.003949
     -66.5     0.003795     0.003944
     -66.4     0.003810     0.003939
     -66.3     0.003825     0.003933
     -66.2     0.003839     0.003928
     -66.1     0.003851     0.003922
     -66.0     0.003862     0.003916
     -65.9     0.003871     0.003911
     -65.8     0.003879     0.003905
     -65.7     0.003884     0.003900
     -65.6     0.003889     0.003895
     -65.5     0.003891     0.003891
     -65.4     0.003892     0.003887
     -65.3     0.003891     0.003884
     -65.2     0.003888     0.003882
     -65.1     0.003884     0.003880
     -65.0     0.003879     0.003879
     -64.9     0.003872     0.003879
     -64.8     0.003864     0.003879
     -64.7     0.003856     0.003880
     -64.6     0.003846     0.003881
     -64.5     0.003836     0.003883
     -64.4     0.003825     0.003886
     -64.3     0.003814     0.003890
     -64.2     0.003803     0.003894
     -64.1     0.003792     0.003898
     -64.0     0.003782     0.003903
     -63.9     0.003771     0.003910
     -63.8     0.003761     0.003916
     -63.7     0.003752     0.003923
     -63.6     0.003743     0.003931
     -63.5     0.003735     0.003940
     -63.4     0.003727     0.003950
     -63.3     0.003721     0.003960
     -63.2     0.003716     0.003971
     -63.1     0.003712     0.003983
     -63.0     0.003709     0.003995
     -62.9     0.003707     0.004008
     -62.8     0.003706     0.004023
     -62.7     0.003707     0.004036
     -62.6     0.003709     0.004051
     -62.5     0.003712     0.004066
     -62.4     0.003716     0.004082
     -62.3     0.003722     0.004098
     -62.2     0.003729     0.004112
     -62.1     0.003737     0.004128
     -62.0     0.003746     0.004142
     -61.9     0.003757     0.004156
     -61.8     0.003769     0.004170
     -61.7     0.003780     0.004182
     -61.6     0.003794     0.004194
     -61.5     0.003808     0.004204
     -61.4     0.003823     0.004213
     -61.3     0.003838     0.004221
     -61.2     0.003853     0.004227
     -61.1     0.003869     0.004231
     -61.0     0.003885     0.004234
     -60.9     0.003901     0.004236
     -60.8     0.003917     0.004236
     -60.7     0.003932     0.004235
     -60.6     0.003947     0.004232
     -60.5     0.003961     0.004228
     -60.4     0.003975     0.004222
     -60.3     0.003989     0.004216
     -60.2     0.004000     0.004209
     -60.1     0.004012     0.004201
     -60.0     0.004022     0.004193
     -59.9     0.004032     0.004184
     -59.8     0.004041     0.004176
     -59.7     0.004048     0.004168
     -59.6     0.004056     0.004159
     -59.5     0.004062     0.004152
     -59.4     0.004068     0.004145
     -59.3     0.004074     0.004139
     -59.2     0.004078     0.004134
     -59.1     0.004083     0.004130
     -59.0     0.004087     0.004128
     -58.9     0.004092     0.004126
     -58.8     0.004096     0.004127
     -58.7     0.004099     0.004129
     -58.6     0.004104     0.004133
     -58.5     0.004108     0.004138
     -58.4     0.004112     0.004145
     -58.3     0.004116     0.004154
     -58.2     0.004121     0.004164
     -58.1     0.004125     0.004176
     -58.0     0.004130     0.004188
     -57.9     0.004136     0.004203
     -57.8     0.004141     0.004219
     -57.7     0.004146     0.004234
     -57.6     0.004152     0.004251
     -57.5     0.004157     0.004268
     -57.4     0.004162     0.004286
     -57.3     0.004167     0.004304
     -57.2     0.004172     0.004321
     -57.1     0.004176     0.004338
     -57.0     0.004180     0.004354
     -56.9     0.004183     0.004370
     -56.8     0.004186     0.004386
     -56.7     0.004187     0.004399
     -56.6     0.004188     0.004412
     -56.5     0.004188     0.004424
     -56.4     0.004187     0.004435
     -56.3     0.004186     0.004445
     -56.2     0.004184     0.004454
     -56.1     0.004181     0.004462
     -56.0     0.004178     0.004469
     -55.9     0.004174     0.004475
     -55.8     0.004170     0.004481
     -55.7     0.004166     0.004485
     -55.6     0.004162     0.004490
     -55.5     0.004157     0.004494
     -55.4     0.004153     0.004498
     -55.3     0.004148     0.004501
     -55.2     0.004145     0.004505
     -55.1     0.004141     0.004508
     -55.0     0.004137     0.004512
     -54.9     0.004134     0.004516
     -54.8     0.004132     0.004520
     -54.7     0.004130     0.004525
     -54.6     0.004128     0.004530
     -54.5     0.004128     0.004535
     -54.4     0.004128     0.004540
     -54.3     0.004129     0.004546
     -54.2     0.004132     0.004552
     -54.1     0.004135     0.004559
     -54.0     0.004140     0.004565
     -53.9     0.004147     0.004572
     -53.8     0.004155     0.004579
     -53.7     0.004164     0.004586
     -53.6     0.004175     0.004592
     -53.5     0.004187     0.004599
     -53.4     0.004202     0.004606
     -53.3     0.004218     0.004613
     -53.2     0.004236     0.004619
     -53.1     0.004255     0.004626
     -53.0     0.004275     0.004632
     -52.9     0.004299     0.004638
     -52.8     0.004323     0.004644
     -52.7     0.004349     0.004649
     -52.6     0.004376     0.004654
     -52.5     0.004404     0.004659
     -52.4     0.004434     0.004663
     -52.3     0.004466     0.004667
     -52.2     0.004497     0.004670
     -52.1     0.004530     0.004673
     -52.0     0.004563     0.004675
     -51.9     0.004598     0.004677
     -51.8     0.004633     0.004679
     -51.7     0.004666     0.004681
     -51.6     0.004699     0.004682
     -51.5     0.004731     0.004684
     -51.4     0.004763     0.004686
     -51.3     0.004794     0.004688
     -51.2     0.004821     0.004692
     -51.1     0.004848     0.004696
     -51.0     0.004871     0.004701
     -50.9     0.004892     0.004708
     -50.8     0.004911     0.004717
     -50.7     0.004926     0.004727
     -50.6     0.004938     0.004739
     -50.5     0.004947     0.004753
     -50.4     0.004953     0.004768
     -50.3     0.004956     0.004786
     -50.2     0.004955     0.004804
     -50.1     0.004952     0.004825
     -50.0     0.004946     0.004845
     -49.9     0.004937     0.004868
     -49.8     0.004925     0.004892
     -49.7     0.004912     0.004916
     -49.6     0.004896     0.004940
     -49.5     0.004879     0.004965
     -49.4     0.004860     0.004990
     -49.3     0.004840     0.005016
     -49.2     0.004820     0.005041
     -49.1     0.004800     0.005066
     -49.0     0.004780     0.005090
     -48.9     0.004759     0.005115
     -48.8     0.004739     0.005140
     -48.7     0.004721     0.005162
     -48.6     0.004704     0.005185
     -48.5     0.004689     0.005206
     -48.4     0.004676     0.005227
     -48.3     0.004664     0.005247
     -48.2     0.004655     0.005264
     -48.1     0.004649     0.005280
     -48.0     0.004645     0.005294
     -47.9     0.004644     0.005308
     -47.8     0.004645     0.005319
     -47.7     0.004649     0.005328
     -47.6     0.004656     0.005336
     -47.5     0.004665     0.005342
     -47.4     0.004678     0.005348
     -47.3     0.004692     0.005352
     -47.2     0.004708     0.005355
     -47.1     0.004727     0.005358
     -47.0     0.004747     0.005361
     -46.9     0.004770     0.005365
     -46.8     0.004795     0.005369
     -46.7     0.004819     0.005373
     -46.6     0.004846     0.005378
     -46.5     0.004874     0.005384
     -46.4     0.004904     0.005392
     -46.3     0.004935     0.005400
     -46.2     0.004966     0.005409
     -46.1     0.004998     0.005419
     -46.0     0.005030     0.005430
     -45.9     0.005066     0.005442
     -45.8     0.005102     0.005454
     -45.7     0.005137     0.005466
     -45.6     0.005175     0.005479
     -45.5     0.005212     0.005491
     -45.4     0.005253     0.005505
     -45.3     0.005295     0.005518
     -45.2     0.005336     0.005531
     -45.1     0.005379     0.005545
     -45.0     0.005422     0.005558
     -44.9     0.005468     0.005573
     -44.8     0.005515     0.005587
     -44.7     0.005560     0.005602
     -44.6     0.005606     0.005617
     -44.5     0.005652     0.005633
     -44.4     0.005699     0.005649
     -44.3     0.005746     0.005667
     -44.2     0.005790     0.005685
     -44.1     0.005834     0.005703
     -44.0     0.005875     0.005723
     -43.9     0.005918     0.005745
     -43.8     0.005958     0.005768
     -43.7     0.005995     0.005792
     -43.6     0.006030     0.005819
     -43.5     0.006063     0.005847
     -43.4     0.006096     0.005880
     -43.3     0.006126     0.005915
     -43.2     0.006153     0.005953
     -43.1     0.006179     0.005994
     -43.0     0.006203     0.006038
     -42.9     0.006226     0.006089
     -42.8     0.006248     0.006143
     -42.7     0.006267     0.006199
     -42.6     0.006286     0.006259
     -42.5     0.006303     0.006320
     -42.4     0.006319     0.006388
     -42.3     0.006335     0.006458
     -42.2     0.006350     0.006526
     -42.1     0.006363     0.006596
     -42.0     0.006376     0.006666
     -41.9     0.006388     0.006739
     -41.8     0.006400     0.006811
     -41.7     0.006410     0.006878
     -41.6     0.006419     0.006945
     -41.5     0.006427     0.007008
     -41.4     0.006434     0.007071
     -41.3     0.006441     0.007130
     -41.2     0.006446     0.007183
     -41.1     0.006450     0.007233
     -41.0     0.006453     0.007277
     -40.9     0.006456     0.007319
     -40.8     0.006458     0.007355
     -40.7     0.006460     0.007384
     -40.6     0.006462     0.007408
     -40.5     0.006465     0.007425
     -40.4     0.006468     0.007437
     -40.3     0.006474     0.007442
     -40.2     0.006480     0.007441
     -40.1     0.006489     0.007434
     -40.0     0.006500     0.007420
     -39.9     0.006515     0.007401
     -39.8     0.006532     0.007376
     -39.7     0.006553     0.007347
     -39.6     0.006577     0.007315
     -39.5     0.006605     0.007280
     -39.4     0.006638     0.007242
     -39.3     0.006676     0.007203
     -39.2     0.006717     0.007168
     -39.1     0.006763     0.007134
     -39.0     0.006813     0.007105
     -38.9     0.006871     0.007081
     -38.8     0.006936     0.007064
     -38.7     0.007003     0.007057
     -38.6     0.007080     0.007061
     -38.5     0.007162     0.007076
     -38.4     0.007257     0.007107
     -38.3     0.007362     0.007155
     -38.2     0.007472     0.007217
     -38.1     0.007595     0.007299
     -38.0     0.007727     0.007398
     -37.9     0.007878     0.007525
     -37.8     0.008044     0.007675
     -37.7     0.008215     0.007840
     -37.6     0.008406     0.008035
     -37.5     0.008607     0.008250
     -37.4     0.008836     0.008503
     -37.3     0.009084     0.008786
     -37.2     0.009337     0.009084
     -37.1     0.009617     0.009419
     -37.0     0.009910     0.009776
     -36.9     0.010239     0.010184
     -36.8     0.010593     0.010628
     -36.7     0.010953     0.011085
     -36.6     0.011346     0.011589
     -36.5     0.011754     0.012117
     -36.4     0.012210     0.012712
     -36.3     0.012696     0.013349
     -36.2     0.013185     0.013995
     -36.1     0.013714     0.014699
     -36.0     0.014273     0.015447
     -35.9     0.014861     0.016238
     -35.8     0.015478     0.017073
     -35.7     0.016124     0.017952
     -35.6     0.016816     0.018898
     -35.5     0.017502     0.019839
     -35.4     0.018232     0.020845
     -35.3     0.018989     0.021890
     -35.2     0.019772     0.022973
     -35.1     0.020599     0.024119
     -35.0     0.021410     0.025239
     -34.9     0.022262     0.026416
     -34.8     0.023135     0.027617
     -34.7     0.024025     0.028838
     -34.6     0.024954     0.030106
     -34.5     0.025851     0.031322
     -34.4     0.026782     0.032576
     -34.3     0.027719     0.033830
     -34.2     0.028661     0.035079
     -34.1     0.029626     0.036349
     -34.0     0.030539     0.037542
     -33.9     0.031468     0.038744
     -33.8     0.032383     0.039918
     -33.7     0.033281     0.041059
     -33.6     0.034178     0.042189
     -33.5     0.035004     0.043219
     -33.4     0.035821     0.044226
     -33.3     0.036600     0.045177
     -33.2     0.037339     0.046066
     -33.1     0.038049     0.046909
     -33.0     0.038677     0.047642
     -32.9     0.039270     0.048319
     -32.8     0.039807     0.048918
     -32.7     0.040285     0.049436
     -32.6     0.040713     0.049880
     -32.5     0.041058     0.050219
     -32.4     0.041349     0.050481
     -32.3     0.041576     0.050657
     -32.2     0.041737     0.050747
     -32.1     0.041836     0.050751
     -32.0     0.041867     0.050674
     -31.9     0.041839     0.050516
     -31.8     0.041752     0.050279
     -31.7     0.041611     0.049969
     -31.6     0.041418     0.049587
     -31.5     0.041181     0.049140
     -31.4     0.040904     0.048633
     -31.3     0.040595     0.048070
     -31.2     0.040261     0.047458
     -31.1     0.039909     0.046802
     -31.0     0.039548     0.046110
     -30.9     0.039185     0.045388
     -30.8     0.038828     0.044644
     -30.7     0.038485     0.043886
     -30.6     0.038163     0.043122
     -30.5     0.037868     0.042359
     -30.4     0.037605     0.041606
     -30.3     0.037382     0.040871
     -30.2     0.037200     0.040162
     -30.1     0.037064     0.039487
     -30.0     0.036977     0.038852
     -29.9     0.036940     0.038265
     -29.8     0.036956     0.037733
     -29.7     0.037025     0.037261
     -29.6     0.037149     0.036857
     -29.5     0.037329     0.036525
     -29.4     0.037565     0.036269
     -29.3     0.037860     0.036097
     -29.2     0.038214     0.036012
     -29.1     0.038630     0.036020
     -29.0     0.039108     0.036125
     -28.9     0.039650     0.036332
     -28.8     0.040259     0.036646
     -28.7     0.040935     0.037071
     -28.6     0.041681     0.037612
     -28.5     0.042496     0.038271
     -28.4     0.043381     0.039051
     -28.3     0.044336     0.039954
     -28.2     0.045358     0.040978
     -28.1     0.046445     0.042124
     -28.0     0.047593     0.043384
     -27.9     0.048798     0.044753
     -27.8     0.050054     0.046225
     -27.7     0.051354     0.047785
     -27.6     0.052692     0.049423
     -27.5     0.054059     0.051123
     -27.4     0.055447     0.052868
     -27.3     0.056851     0.054644
     -27.2     0.058261     0.056431
     -27.1     0.059672     0.058213
     -27.0     0.061080     0.059974
     -26.9     0.062479     0.061699
     -26.8     0.063868     0.063376
     -26.7     0.065247     0.064996
     -26.6     0.066617     0.066549
     -26.5     0.067980     0.068032
     -26.4     0.069341     0.069443
     -26.3     0.070706     0.070780
     -26.2     0.072079     0.072046
     -26.1     0.073468     0.073242
     -26.0     0.074876     0.074372
     -25.9     0.076309     0.075437
     -25.8     0.077769     0.076439
     -25.7     0.079253     0.077376
     -25.6     0.080760     0.078244
     -25.5     0.082280     0.079037
     -25.4     0.083803     0.079746
     -25.3     0.085313     0.080356
     -25.2     0.086791     0.080853
     -25.1     0.088212     0.081218
     -25.0     0.089552     0.081433
     -24.9     0.090782     0.081480
     -24.8     0.091871     0.081334
     -24.7     0.092793     0.080986
     -24.6     0.093514     0.080413
     -24.5     0.094011     0.079611
     -24.4     0.094262     0.078574
     -24.3     0.094242     0.077295
     -24.2     0.093946     0.075786
     -24.1     0.093357     0.074052
     -24.0     0.092480     0.072114
     -23.9     0.091320     0.069992
     -23.8     0.089880     0.067709
     -23.7     0.088186     0.065299
     -23.6     0.086251     0.062790
     -23.5     0.084105     0.060217
     -23.4     0.081775     0.057611
     -23.3     0.079288     0.055005
     -23.2     0.076677     0.052429
     -23.1     0.073970     0.049912
     -23.0     0.071198     0.047477
     -22.9     0.068388     0.045144
     -22.8     0.065563     0.042934
     -22.7     0.062747     0.040859
     -22.6     0.059961     0.038935
     -22.5     0.057225     0.037170
     -22.4     0.054555     0.035573
     -22.3     0.051971     0.034159
     -22.2     0.049490     0.032931
     -22.1     0.047134     0.031907
     -22.0     0.044923     0.031097
     -21.9     0.042882     0.030516
     -21.8     0.041042     0.030189
     -21.7     0.039431     0.030129
     -21.6     0.038090     0.030368
     -21.5     0.037052     0.030924
     -21.4     0.036358     0.031824
     -21.3     0.036061     0.033100
     -21.2     0.036191     0.034765
     -21.1     0.036806     0.036854
     -21.0     0.037935     0.039373
     -20.9     0.039617     0.042335
     -20.8     0.041897     0.045756
     -20.7     0.044784     0.049620
     -20.6     0.048316     0.053931
     -20.5     0.052489     0.058658
     -20.4     0.057302     0.063775
     -20.3     0.062762     0.069251
     -20.2     0.068828     0.075027
     -20.1     0.075488     0.081055
     -20.0     0.082686     0.087264
     -19.9     0.090369     0.093582
     -19.8     0.098484     0.099930
     -19.7     0.106948     0.106226
     -19.6     0.115690     0.112377
     -19.5     0.124614     0.118298
     -19.4     0.133631     0.123901
     -19.3     0.142640     0.129090
     -19.2     0.151544     0.133795
     -19.1     0.160234     0.137922
     -19.0     0.168613     0.141413
     -18.9     0.176584     0.144210
     -18.8     0.184037     0.146245
     -18.7     0.190899     0.147503
     -18.6     0.197066     0.147935
     -18.5     0.202477     0.147548
     -18.4     0.207068     0.146346
     -18.3     0.210763     0.144328
     -18.2     0.213547     0.141551
     -18.1     0.215359     0.138037
     -18.0     0.216206     0.133863
     -17.9     0.216083     0.129098
     -17.8     0.214978     0.123809
     -17.7     0.212943     0.118102
     -17.6     0.209985     0.112059
     -17.5     0.206174     0.105790
     -17.4     0.201568     0.099393
     -17.3     0.196218     0.092970
     -17.2     0.190224     0.086623
     -17.1     0.183652     0.080450
     -17.0     0.176607     0.074539
     -16.9     0.169183     0.068972
     -16.8     0.161471     0.063835
     -16.7     0.153580     0.059179
     -16.6     0.145606     0.055076
     -16.5     0.137653     0.051560
     -16.4     0.129816     0.048665
     -16.3     0.122195     0.046433
     -16.2     0.114875     0.044859
     -16.1     0.107954     0.043970
     -16.0     0.101506     0.043752
     -15.9     0.095606     0.044197
     -15.8     0.090341     0.045308
     -15.7     0.085753     0.047048
     -15.6     0.081927     0.049415
     -15.5     0.078894     0.052372
     -15.4     0.076702     0.055895
     -15.3     0.075409     0.059973
     -15.2     0.075020     0.064563
     -15.1     0.075589     0.069659
     -15.0     0.077114     0.075225
     -14.9     0.079606     0.081240
     -14.8     0.083095     0.087695
     -14.7     0.087548     0.094557
     -14.6     0.092991     0.101822
     -14.5     0.099387     0.109466
     -14.4     0.106718     0.117472
     -14.3     0.114980     0.125835
     -14.2     0.124114     0.134529
     -14.1     0.134113     0.143551
     -14.0     0.144913     0.152879
     -13.9     0.156471     0.162498
     -13.8     0.168752     0.172398
     -13.7     0.181680     0.182554
     -13.6     0.195216     0.192955
     -13.5     0.209281     0.203576
     -13.4     0.223812     0.214397
     -13.3     0.238750     0.225399
     -13.2     0.254010     0.236553
     -13.1     0.269531     0.247838
     -13.0     0.285229     0.259224
     -12.9     0.301033     0.270684
     -12.8     0.316865     0.282189
     -12.7     0.332650     0.293707
     -12.6     0.348310     0.305208
     -12.5     0.363773     0.316658
     -12.4     0.378968     0.328025
     -12.3     0.393814     0.339273
     -12.2     0.408256     0.350372
     -12.1     0.422212     0.361280
     -12.0     0.435632     0.371969
     -11.9     0.448458     0.382404
     -11.8     0.460619     0.392543
     -11.7     0.472085     0.402363
     -11.6     0.482789     0.411819
     -11.5     0.492707     0.420888
     -11.4     0.501803     0.429541
     -11.3     0.510026     0.437737
     -11.2     0.517380     0.445463
     -11.1     0.523817     0.452679
     -11.0     0.529344     0.459375
     -10.9     0.533954     0.465529
     -10.8     0.537621     0.471112
     -10.7     0.540379     0.476125
     -10.6     0.542207     0.480540
     -10.5     0.543139     0.484359
     -10.4     0.543194     0.487579
     -10.3     0.542373     0.490180
     -10.2     0.540729     0.492182
     -10.1     0.538267     0.493567
     -10.0     0.535037     0.494354
      -9.9     0.531076     0.494550
      -9.8     0.526403     0.494149
      -9.7     0.521080     0.493179
      -9.6     0.515125     0.491635
      -9.5     0.508595     0.489543
      -9.4     0.501528     0.486915
      -9.3     0.493954     0.483755
      -9.2     0.485925     0.480093
      -9.1     0.477468     0.475929
      -9.0     0.468628     0.471289
      -8.9     0.459440     0.466188
      -8.8     0.449930     0.460631
      -8.7     0.440137     0.454646
      -8.6     0.430082     0.448232
      -8.5     0.419798     0.441415
      -8.4     0.409308     0.434207
      -8.3     0.398630     0.426611
      -8.2     0.387790     0.418652
      -8.1     0.376802     0.410330
      -8.0     0.365685     0.401666
      -7.9     0.354456     0.392672
      -7.8     0.343126     0.383352
      -7.7     0.331712     0.373727
      -7.6     0.320226     0.363803
      -7.5     0.308682     0.353600
      -7.4     0.297096     0.343132
      -7.3     0.285482     0.332411
      -7.2     0.273856     0.321462
      -7.1     0.262238     0.310300
      -7.0     0.250646     0.298952
      -6.9     0.239104     0.287444
      -6.8     0.227638     0.275802
      -6.7     0.216273     0.264062
      -6.6     0.205044     0.252259
      -6.5     0.193983     0.240433
      -6.4     0.183126     0.228628
      -6.3     0.172521     0.216896
      -6.2     0.162204     0.205285
      -6.1     0.152233     0.193858
      -6.0     0.142652     0.182673
      -5.9     0.133294     0.171529
      -5.8     0.124890     0.161303
      -5.7     0.117019     0.151504
      -5.6     0.109394     0.141751
      -5.5     0.102654     0.132853
      -5.4     0.096532     0.124451
      -5.3     0.091522     0.117226
      -5.2     0.087356     0.110818
      -5.1     0.083972     0.105066
      -5.0     0.081707     0.100504
      -4.9     0.080518     0.096992
      -4.8     0.080526     0.094842
      -4.7     0.081681     0.093910
      -4.6     0.084209     0.094345
      -4.5     0.088012     0.096225
      -4.4     0.093326     0.099713
      -4.3     0.099767     0.104576
      -4.2     0.107569     0.110970
      -4.1     0.117288     0.119416
      -4.0     0.128269     0.129376
      -3.9     0.141071     0.141371
      -3.8     0.154719     0.154496
      -3.7     0.169768     0.169266
      -3.6     0.187106     0.186588
      -3.5     0.205473     0.205215
      -3.4     0.225745     0.226043
      -3.3     0.246356     0.247455
      -3.2     0.268184     0.270345
      -3.1     0.292394     0.295952
      -3.0     0.317167     0.322350
      -2.9     0.343647     0.350754
      -2.8     0.369774     0.378940
      -2.7     0.396701     0.408130
      -2.6     0.425767     0.439779
      -2.5     0.454740     0.471446
      -2.4     0.484934     0.504554
      -2.3     0.513993     0.536504
      -2.2     0.543243     0.568735
      -2.1     0.574054     0.602747
      -2.0     0.604023     0.635875
      -1.9     0.634488     0.669586
      -1.8     0.663078     0.701241
      -1.7     0.691150     0.732331
      -1.6     0.719938     0.764213
      -1.5     0.747165     0.794356
      -1.4     0.774039     0.824090
      -1.3     0.798479     0.851105
      -1.2     0.821711     0.876759
      -1.1     0.844679     0.902085
      -1.0     0.865539     0.925051
      -0.9     0.885215     0.946676
      -0.8     0.902206     0.965314
      -0.7     0.917455     0.982008
      -0.6     0.931490     0.997341
      -0.5     0.943164     1.010065
      -0.4     0.952999     1.020761
      -0.3     0.960286     1.028667
      -0.2     0.965561     1.034377
      -0.1     0.968883     1.037967
       0.0     0.969954     1.039123
       0.1     0.968885     1.037979
       0.2     0.965604     1.034468
       0.3     0.960448     1.028959
       0.4     0.953390     1.021434
       0.5     0.943955     1.011393
       0.6     0.932863     0.999613
       0.7     0.919656     0.985610
       0.8     0.905446     0.970567
       0.9     0.889761     0.953986
       1.0     0.871776     0.934997
       1.1     0.852899     0.915085
       1.2     0.832323     0.893399
       1.3     0.811720     0.871695
       1.4     0.790257     0.849091
       1.5     0.766897     0.824490
       1.6     0.743470     0.799813
       1.7     0.718952     0.773972
       1.8     0.695282     0.749006
       1.9     0.671404     0.723796
       2.0     0.646203     0.697154
       2.1     0.621644     0.671150
       2.2     0.596616     0.644605
       2.3     0.573052     0.619563
       2.4     0.549811     0.594815
       2.5     0.525823     0.569215
       2.6     0.502932     0.544730
       2.7     0.480063     0.520213
       2.8     0.458933     0.497510
       2.9     0.438445     0.475452
       3.0     0.417648     0.453020
       3.1     0.398112     0.431916
       3.2     0.378881     0.411116
       3.3     0.361353     0.392148
       3.4     0.344562     0.373978
       3.5     0.327717     0.355763
       3.6     0.312059     0.338862
       3.7     0.296793     0.322427
       3.8     0.282998     0.307633
       3.9     0.269881     0.293633
       4.0     0.256810     0.279769
       4.1     0.244734     0.267059
       4.2     0.233022     0.254844
       4.3     0.222491     0.243975
       4.4     0.212519     0.233801
       4.5     0.202624     0.223839
       4.6     0.193523     0.214808
       4.7     0.184737     0.206225
       4.8     0.176877     0.198675
       4.9     0.169479     0.191684
       5.0     0.162190     0.184920
       5.1     0.155543     0.178861
       5.2     0.149193     0.173175
       5.3     0.143582     0.168236
       5.4     0.138373     0.163723
       5.5     0.133331     0.159417
       5.6     0.128825     0.155615
       5.7     0.124622     0.152100
       5.8     0.121010     0.149094
       5.9     0.117760     0.146387
       6.0     0.114729     0.143841
       6.1     0.112136     0.141625
       6.2     0.109890     0.139647
       6.3     0.107982     0.137887
       6.4     0.106388     0.136314
       6.5     0.105097     0.134908
       6.6     0.104083     0.133642
       6.7     0.103326     0.132491
       6.8     0.102807     0.131434
       6.9     0.102496     0.130445
       7.0     0.102373     0.129506
       7.1     0.102407     0.128593
       7.2     0.102574     0.127687
       7.3     0.102848     0.126770
       7.4     0.103201     0.125823
       7.5     0.103608     0.124831
       7.6     0.104043     0.123779
       7.7     0.104483     0.122654
       7.8     0.104906     0.121444
       7.9     0.105292     0.120142
       8.0     0.105620     0.118737
       8.1     0.105876     0.117229
       8.2     0.106046     0.115612
       8.3     0.106116     0.113885
       8.4     0.106079     0.112051
       8.5     0.105926     0.110108
       8.6     0.105653     0.108064
       8.7     0.105259     0.105921
       8.8     0.104740     0.103684
       8.9     0.104103     0.101363
       9.0     0.103345     0.098964
       9.1     0.102477     0.096498
       9.2     0.101502     0.093977
       9.3     0.100428     0.091411
       9.4     0.099265     0.088816
       9.5     0.098021     0.086204
       9.6     0.096706     0.083590
       9.7     0.095330     0.080987
       9.8     0.093903     0.078408
       9.9     0.092435     0.075864
      10.0     0.090935     0.073369
      10.1     0.089413     0.070931
      10.2     0.087877     0.068561
      10.3     0.086335     0.066270
      10.4     0.084792     0.064064
      10.5     0.083256     0.061954
      10.6     0.081731     0.059945
      10.7     0.080222     0.058043
      10.8     0.078731     0.056255
      10.9     0.077260     0.054582
      11.0     0.075811     0.053031
      11.1     0.074384     0.051600
      11.2     0.072980     0.050290
      11.3     0.071596     0.049103
      11.4     0.070232     0.048036
      11.5     0.068886     0.047090
      11.6     0.067554     0.046260
      11.7     0.066234     0.045542
      11.8     0.064922     0.044936
      11.9     0.063616     0.044434
      12.0     0.062311     0.044033
      12.1     0.061004     0.043726
      12.2     0.059692     0.043507
      12.3     0.058372     0.043372
      12.4     0.057040     0.043311
      12.5     0.055694     0.043320
      12.6     0.054332     0.043392
      12.7     0.052952     0.043518
      12.8     0.051554     0.043693
      12.9     0.050137     0.043909
      13.0     0.048702     0.044160
      13.1     0.047251     0.044438
      13.2     0.045784     0.044738
      13.3     0.044306     0.045052
      13.4     0.042821     0.045375
      13.5     0.041333     0.045702
      13.6     0.039847     0.046026
      13.7     0.038370     0.046344
      13.8     0.036908     0.046651
      13.9     0.035469     0.046942
      14.0     0.034061     0.047215
      14.1     0.032692     0.047466
      14.2     0.031370     0.047692
      14.3     0.030104     0.047892
      14.4     0.028901     0.048063
      14.5     0.027772     0.048203
      14.6     0.026723     0.048313
      14.7     0.025761     0.048391
      14.8     0.024897     0.048435
      14.9     0.024133     0.048447
      15.0     0.023481     0.048425
      15.1     0.022941     0.048370
      15.2     0.022521     0.048282
      15.3     0.022225     0.048161
      15.4     0.022055     0.048008
      15.5     0.022017     0.047823
      15.6     0.022109     0.047608
      15.7     0.022332     0.047363
      15.8     0.022689     0.047088
      15.9     0.023176     0.046786
      16.0     0.023795     0.046458
      16.1     0.024539     0.046104
      16.2     0.025407     0.045727
      16.3     0.026397     0.045329
      16.4     0.027500     0.044912
      16.5     0.028715     0.044477
      16.6     0.030034     0.044029
      16.7     0.031451     0.043570
      16.8     0.032962     0.043101
      16.9     0.034557     0.042627
      17.0     0.036232     0.042150
      17.1     0.037978     0.041674
      17.2     0.039788     0.041204
      17.3     0.041655     0.040743
      17.4     0.043571     0.040297
      17.5     0.045528     0.039871
      17.6     0.047518     0.039469
      17.7     0.049533     0.039096
      17.8     0.051566     0.038756
      17.9     0.053608     0.038452
      18.0     0.055651     0.038188
      18.1     0.057687     0.037967
      18.2     0.059708     0.037792
      18.3     0.061707     0.037668
      18.4     0.063677     0.037598
      18.5     0.065609     0.037589
      18.6     0.067498     0.037644
      18.7     0.069338     0.037767
      18.8     0.071120     0.037964
      18.9     0.072841     0.038236
      19.0     0.074493     0.038587
      19.1     0.076071     0.039017
      19.2     0.077571     0.039526
      19.3     0.078985     0.040115
      19.4     0.080310     0.040781
      19.5     0.081538     0.041525
      19.6     0.082665     0.042343
      19.7     0.083687     0.043233
      19.8     0.084597     0.044193
      19.9     0.085392     0.045219
      20.0     0.086065     0.046307
      20.1     0.086616     0.047451
      20.2     0.087040     0.048646
      20.3     0.087331     0.049887
      20.4     0.087494     0.051166
      20.5     0.087521     0.052477
      20.6     0.087416     0.053811
      20.7     0.087178     0.055162
      20.8     0.086807     0.056521
      20.9     0.086308     0.057881
      21.0     0.085679     0.059233
      21.1     0.084926     0.060570
      21.2     0.084052     0.061882
      21.3     0.083057     0.063161
      21.4     0.081949     0.064399
      21.5     0.080729     0.065587
      21.6     0.079403     0.066719
      21.7     0.077975     0.067786
      21.8     0.076449     0.068780
      21.9     0.074833     0.069695
      22.0     0.073129     0.070523
      22.1     0.071347     0.071259
      22.2     0.069494     0.071897
      22.3     0.067575     0.072429
      22.4     0.065603     0.072854
      22.5     0.063586     0.073162
      22.6     0.061536     0.073353
      22.7     0.059463     0.073423
      22.8     0.057381     0.073367
      22.9     0.055301     0.073187
      23.0     0.053237     0.072877
      23.1     0.051202     0.072440
      23.2     0.049206     0.071876
      23.3     0.047262     0.071182
      23.4     0.045379     0.070365
      23.5     0.043567     0.069424
      23.6     0.041831     0.068364
      23.7     0.040176     0.067191
      23.8     0.038608     0.065907
      23.9     0.037125     0.064522
      24.0     0.035731     0.063039
      24.1     0.034424     0.061467
      24.2     0.033202     0.059815
      24.3     0.032068     0.058089
      24.4     0.031017     0.056300
      24.5     0.030055     0.054457
      24.6     0.029180     0.052571
      24.7     0.028398     0.050651
      24.8     0.027717     0.048707
      24.9     0.027140     0.046750
      25.0     0.026679     0.044791
      25.1     0.026341     0.042839
      25.2     0.026133     0.040905
      25.3     0.026068     0.039000
      25.4     0.026144     0.037131
      25.5     0.026368     0.035309
      25.6     0.026734     0.033542
      25.7     0.027235     0.031835
      25.8     0.027859     0.030199
      25.9     0.028586     0.028635
      26.0     0.029392     0.027152
      26.1     0.030249     0.025750
      26.2     0.031122     0.024434
      26.3     0.031977     0.023206
      26.4     0.032778     0.022064
      26.5     0.033487     0.021011
      26.6     0.034073     0.020044
      26.7     0.034506     0.019161
      26.8     0.034759     0.018361
      26.9     0.034819     0.017637
      27.0     0.034670     0.016989
      27.1     0.034316     0.016410
      27.2     0.033761     0.015897
      27.3     0.033014     0.015445
      27.4     0.032100     0.015047
      27.5     0.031038     0.014701
      27.6     0.029862     0.014399
      27.7     0.028601     0.014136
      27.8     0.027284     0.013908
      27.9     0.025945     0.013708
      28.0     0.024610     0.013533
      28.1     0.023305     0.013377
      28.2     0.022051     0.013236
      28.3     0.020864     0.013107
      28.4     0.019755     0.012985
      28.5     0.018733     0.012867
      28.6     0.017796     0.012751
      28.7     0.016946     0.012633
      28.8     0.016178     0.012512
      28.9     0.015484     0.012387
      29.0     0.014858     0.012257
      29.1     0.014290     0.012124
      29.2     0.013771     0.011987
      29.3     0.013295     0.011846
      29.4     0.012854     0.011702
      29.5     0.012441     0.011555
      29.6     0.012053     0.011405
      29.7     0.011686     0.011254
      29.8     0.011338     0.011103
      29.9     0.011008     0.010953
      30.0     0.010694     0.010805
      30.1     0.010397     0.010660
      30.2     0.010116     0.010516
      30.3     0.009851     0.010371
      30.4     0.009603     0.010226
      30.5     0.009369     0.010077
      30.6     0.009150     0.009924
      30.7     0.008944     0.009769
      30.8     0.008751     0.009613
      30.9     0.008567     0.009460
      31.0     0.008393     0.009311
      31.1     0.008227     0.009168
      31.2     0.008067     0.009030
      31.3     0.007913     0.008895
      31.4     0.007765     0.008757
      31.5     0.007621     0.008612
      31.6     0.007482     0.008456
      31.7     0.007350     0.008288
      31.8     0.007223     0.008109
      31.9     0.007104     0.007921
      32.0     0.006993     0.007734
      32.1     0.006893     0.007556
      32.2     0.006797     0.007383
      32.3     0.006714     0.007230
      32.4     0.006640     0.007097
      32.5     0.006576     0.006982
      32.6     0.006522     0.006885
      32.7     0.006474     0.006796
      32.8     0.006433     0.006719
      32.9     0.006398     0.006650
      33.0     0.006367     0.006588
      33.1     0.006340     0.006536
      33.2     0.006312     0.006490
      33.3     0.006285     0.006454
      33.4     0.006258     0.006428
      33.5     0.006230     0.006409
      33.6     0.006202     0.006397
      33.7     0.006171     0.006388
      33.8     0.006140     0.006382
      33.9     0.006108     0.006378
      34.0     0.006076     0.006376
      34.1     0.006045     0.006375
      34.2     0.006014     0.006376
      34.3     0.005984     0.006379
      34.4     0.005955     0.006384
      34.5     0.005928     0.006391
      34.6     0.005902     0.006399
      34.7     0.005875     0.006409
      34.8     0.005849     0.006418
      34.9     0.005822     0.006427
      35.0     0.005794     0.006437
      35.1     0.005765     0.006445
      35.2     0.005733     0.006456
      35.3     0.005699     0.006464
      35.4     0.005662     0.006470
      35.5     0.005624     0.006554
      35.6     0.005585     0.006722
      35.7     0.005544     0.006530
      35.8     0.005503     0.006433
      35.9     0.005462     0.006406
      36.0     0.005423     0.006374
      36.1     0.005386     0.006337
      36.2     0.005351     0.006303
      36.3     0.005321     0.006270
      36.4     0.005294     0.006241
      36.5     0.005271     0.006219
      36.6     0.005253     0.006204
      36.7     0.005240     0.006196
      36.8     0.005231     0.006193
      36.9     0.005226     0.006192
      37.0     0.005225     0.006190
      37.1     0.005228     0.006185
      37.2     0.005234     0.006175
      37.3     0.005243     0.006162
      37.4     0.005254     0.006148
      37.5     0.005268     0.006135
      37.6     0.005282     0.006127
      37.7     0.005299     0.006128
      37.8     0.005316     0.006141
      37.9     0.005334     0.006173
      38.0     0.005352     0.006221
      38.1     0.005370     0.006283
      38.2     0.005387     0.006364
      38.3     0.005403     0.006461
      38.4     0.005419     0.006578
      38.5     0.005433     0.006700
      38.6     0.005444     0.006814
      38.7     0.005454     0.006929
      38.8     0.005460     0.007046
      38.9     0.005463     0.007178
      39.0     0.005463     0.007304
      39.1     0.005458     0.007391
      39.2     0.005450     0.007427
      39.3     0.005437     0.007404
      39.4     0.005419     0.007333
      39.5     0.005396     0.007237
      39.6     0.005370     0.007133
      39.7     0.005339     0.007015
      39.8     0.005304     0.006887
      39.9     0.005263     0.006749
      40.0     0.005219     0.006623
      40.1     0.005174     0.006531
      40.2     0.005125     0.006470
      40.3     0.005075     0.006434
      40.4     0.005022     0.006421
      40.5     0.004967     0.006437
      40.6     0.004914     0.006316
      40.7     0.004859     0.006231
      40.8     0.004806     0.006128
      40.9     0.004751     0.006005
      41.0     0.004697     0.005885
      41.1     0.004647     0.005789
      41.2     0.004597     0.005718
      41.3     0.004550     0.005676
      41.4     0.004502     0.005657
      41.5     0.004457     0.005653
      41.6     0.004417     0.005654
      41.7     0.004379     0.005652
      41.8     0.004345     0.005644
      41.9     0.004313     0.005629
      42.0     0.004285     0.005611
      42.1     0.004262     0.005594
      42.2     0.004244     0.005577
      42.3     0.004230     0.005558
      42.4     0.004220     0.005536
      42.5     0.004215     0.005508
      42.6     0.004214     0.005475
      42.7     0.004218     0.005437
      42.8     0.004226     0.005397
      42.9     0.004238     0.005355
      43.0     0.004253     0.005314
      43.1     0.004271     0.005278
      43.2     0.004292     0.005242
      43.3     0.004315     0.005207
      43.4     0.004342     0.005170
      43.5     0.004369     0.005133
      43.6     0.004397     0.005099
      43.7     0.004426     0.005064
      43.8     0.004455     0.005031
      43.9     0.004486     0.004998
      44.0     0.004515     0.004966
      44.1     0.004543     0.004937
      44.2     0.004570     0.004909
      44.3     0.004595     0.004880
      44.4     0.004619     0.004847
      44.5     0.004640     0.004815
      44.6     0.004658     0.004790
      44.7     0.004673     0.004775
      44.8     0.004685     0.004772
      44.9     0.004695     0.004770
      45.0     0.004700     0.004760
      45.1     0.004702     0.004735
      45.2     0.004701     0.004695
      45.3     0.004697     0.004651
      45.4     0.004689     0.004612
      45.5     0.004677     0.004587
      45.6     0.004663     0.004573
      45.7     0.004646     0.004564
      45.8     0.004626     0.004555
      45.9     0.004603     0.004544
      46.0     0.004577     0.004534
      46.1     0.004550     0.004527
      46.2     0.004521     0.004522
      46.3     0.004490     0.004517
      46.4     0.004456     0.004511
      46.5     0.004422     0.004505
      46.6     0.004388     0.004500
      46.7     0.004352     0.004495
      46.8     0.004318     0.004490
      46.9     0.004281     0.004486
      47.0     0.004245     0.004482
      47.1     0.004212     0.004478
      47.2     0.004179     0.004475
      47.3     0.004149     0.004472
      47.4     0.004118     0.004469
      47.5     0.004089     0.004466
      47.6     0.004064     0.004463
      47.7     0.004041     0.004459
      47.8     0.004020     0.004456
      47.9     0.004001     0.004453
      48.0     0.003985     0.004450
      48.1     0.003972     0.004446
      48.2     0.003962     0.004443
      48.3     0.003954     0.004440
      48.4     0.003948     0.004437
      48.5     0.003945     0.004434
      48.6     0.003944     0.004431
      48.7     0.003945     0.004429
      48.8     0.003949     0.004428
      48.9     0.003954     0.004427
      49.0     0.003960     0.004427
      49.1     0.003968     0.004427
      49.2     0.003977     0.004427
      49.3     0.003987     0.004427
      49.4     0.003997     0.004427
      49.5     0.004009     0.004427
      49.6     0.004019     0.004426
      49.7     0.004030     0.004425
      49.8     0.004040     0.004424
      49.9     0.004050     0.004421
      50.0     0.004060     0.004418
      50.1     0.004068     0.004414
      50.2     0.004075     0.004409
      50.3     0.004081     0.004404
      50.4     0.004086     0.004397
      50.5     0.004089     0.004389
      50.6     0.004091     0.004381
      50.7     0.004092     0.004372
      50.8     0.004091     0.004362
      50.9     0.004088     0.004350
      51.0     0.004085     0.004338
      51.1     0.004080     0.004326
      51.2     0.004073     0.004312
      51.3     0.004066     0.004298
      51.4     0.004058     0.004282
      51.5     0.004048     0.004266
      51.6     0.004039     0.004250
      51.7     0.004028     0.004233
      51.8     0.004018     0.004216
      51.9     0.004007     0.004198
      52.0     0.003995     0.004179
      52.1     0.003985     0.004162
      52.2     0.003974     0.004144
      52.3     0.003964     0.004127
      52.4     0.003954     0.004109
      52.5     0.003944     0.004092
      52.6     0.003936     0.004077
      52.7     0.003927     0.004062
      52.8     0.003920     0.004049
      52.9     0.003913     0.004037
      53.0     0.003906     0.004027
      53.1     0.003901     0.004019
      53.2     0.003896     0.004012
      53.3     0.003891     0.004007
      53.4     0.003887     0.004004
      53.5     0.003884     0.004002
      53.6     0.003881     0.004003
      53.7     0.003879     0.004005
      53.8     0.003877     0.004008
      53.9     0.003876     0.004014
      54.0     0.003875     0.004021
      54.1     0.003875     0.004028
      54.2     0.003874     0.004037
      54.3     0.003874     0.004046
      54.4     0.003875     0.004056
      54.5     0.003875     0.004066
      54.6     0.003875     0.004076
      54.7     0.003875     0.004087
      54.8     0.003875     0.004096
      54.9     0.003874     0.004106
      55.0     0.003873     0.004115
      55.1     0.003871     0.004123
      55.2     0.003867     0.004131
      55.3     0.003864     0.004137
      55.4     0.003858     0.004142
      55.5     0.003852     0.004146
      55.6     0.003844     0.004149
      55.7     0.003836     0.004150
      55.8     0.003826     0.004150
      55.9     0.003815     0.004148
      56.0     0.003803     0.004145
      56.1     0.003791     0.004140
      56.2     0.003777     0.004135
      56.3     0.003764     0.004128
      56.4     0.003749     0.004120
      56.5     0.003734     0.004110
      56.6     0.003719     0.004100
      56.7     0.003704     0.004089
      56.8     0.003689     0.004078
      56.9     0.003675     0.004065
      57.0     0.003660     0.004051
      57.1     0.003648     0.004038
      57.2     0.003635     0.004024
      57.3     0.003625     0.004011
      57.4     0.003615     0.003996
      57.5     0.003607     0.003982
      57.6     0.003601     0.003968
      57.7     0.003596     0.003954
      57.8     0.003593     0.003941
      57.9     0.003592     0.003928
      58.0     0.003593     0.003915
      58.1     0.003596     0.003903
      58.2     0.003600     0.003891
      58.3     0.003605     0.003881
      58.4     0.003613     0.003871
      58.5     0.003621     0.003861
      58.6     0.003630     0.003853
      58.7     0.003641     0.003845
      58.8     0.003651     0.003838
      58.9     0.003663     0.003832
      59.0     0.003675     0.003827
      59.1     0.003686     0.003823
      59.2     0.003698     0.003820
      59.3     0.003709     0.003817
      59.4     0.003721     0.003816
      59.5     0.003732     0.003815
      59.6     0.003742     0.003815
      59.7     0.003752     0.003816
      59.8     0.003760     0.003818
      59.9     0.003768     0.003820
      60.0     0.003775     0.003823
      60.1     0.003780     0.003826
      60.2     0.003784     0.003830
      60.3     0.003786     0.003834
      60.4     0.003787     0.003839
      60.5     0.003786     0.003844
      60.6     0.003784     0.003850
      60.7     0.003780     0.003855
      60.8     0.003774     0.003860
      60.9     0.003767     0.003866
      61.0     0.003758     0.003871
      61.1     0.003748     0.003876
      61.2     0.003736     0.003881
      61.3     0.003724     0.003886
      61.4     0.003709     0.003890
      61.5     0.003694     0.003894
      61.6     0.003679     0.003897
      61.7     0.003662     0.003899
      61.8     0.003645     0.003901
      61.9     0.003627     0.003902
      62.0     0.003609     0.003902
      62.1     0.003592     0.003902
      62.2     0.003574     0.003900
      62.3     0.003557     0.003898
      62.4     0.003539     0.003895
      62.5     0.003522     0.003891
      62.6     0.003507     0.003886
      62.7     0.003491     0.003880
      62.8     0.003478     0.003874
      62.9     0.003465     0.003866
      63.0     0.003453     0.003857
      63.1     0.003443     0.003848
      63.2     0.003434     0.003838
      63.3     0.003426     0.003827
      63.4     0.003420     0.003816
      63.5     0.003416     0.003804
      63.6     0.003413     0.003792
      63.7     0.003412     0.003778
      63.8     0.003412     0.003766
      63.9     0.003414     0.003753
      64.0     0.003418     0.003739
      64.1     0.003422     0.003727
      64.2     0.003428     0.003714
      64.3     0.003435     0.003702
      64.4     0.003443     0.003691
      64.5     0.003452     0.003679
      64.6     0.003461     0.003670
      64.7     0.003471     0.003660
      64.8     0.003482     0.003652
      64.9     0.003492     0.003644
      65.0     0.003503     0.003638
      65.1     0.003513     0.003633
      65.2     0.003522     0.003629
      65.3     0.003532     0.003626
      65.4     0.003540     0.003625
      65.5     0.003548     0.003625
      65.6     0.003555     0.003625
      65.7     0.003561     0.003627
      65.8     0.003566     0.003630
      65.9     0.003570     0.003634
      66.0     0.003573     0.003639
      66.1     0.003574     0.003644
      66.2     0.003575     0.003650
      66.3     0.003574     0.003657
      66.4     0.003573     0.003664
      66.5     0.003570     0.003672
      66.6     0.003566     0.003679
      66.7     0.003562     0.003687
      66.8     0.003557     0.003695
      66.9     0.003551     0.003702
      67.0     0.003544     0.003710
      67.1     0.003538     0.003717
      67.2     0.003530     0.003724
      67.3     0.003522     0.003730
      67.4     0.003514     0.003736
      67.5     0.003506     0.003742
      67.6     0.003498     0.003747
      67.7     0.003490     0.003751
      67.8     0.003482     0.003754
      67.9     0.003474     0.003757
      68.0     0.003466     0.003759
      68.1     0.003458     0.003760
      68.2     0.003451     0.003760
      68.3     0.003445     0.003759
      68.4     0.003439     0.003757
      68.5     0.003433     0.003755
      68.6     0.003428     0.003751
      68.7     0.003424     0.003747
      68.8     0.003420     0.003742
      68.9     0.003417     0.003736
      69.0     0.003414     0.003729
      69.1     0.003412     0.003722
      69.2     0.003411     0.003714
      69.3     0.003410     0.003705
      69.4     0.003410     0.003696
      69.5     0.003410     0.003686
      69.6     0.003410     0.003676
      69.7     0.003411     0.003666
      69.8     0.003412     0.003656
      69.9     0.003413     0.003645
      70.0     0.003414     0.003637
